[parameters]
current_epoch = 22
epochs = 5
criterion = "VGG16DecoderLossFunction"
batch_size = 45
learning_rate = 0.0005
use_gpu = true

[final_losses]
training = 14424738.320695102
validation = 1570898.6394664072

[loss_evolution]
training = [ 36564844.69194313, 23215138.68562401, 20923827.281200632, 19217169.535545025, 18751600.927330174, 17774680.731437597, 17564227.0521327, 17141562.214849923, 16617082.549763033, 16478525.70458136, 16194369.962085309, 15810880.996840442, 15792252.679304898, 15603998.145339653, 15367422.537124803, 15440636.360189574, 15038002.889415482, 14840326.916271722, 14708724.562401263, 14482104.469194314, 14633627.59399684, 14424738.320695102,]
validation = [ 2841745.271225932, 2397685.976034412, 2174159.900937116, 2121202.045575584, 1972580.5242216305, 1928633.0111442544, 1887881.0934939573, 1881035.5752125154, 1795233.7083674723, 1757681.6237709955, 1748988.218532364, 1745857.7522019665, 1731167.5394817698, 1691839.967764236, 1685463.7214320463, 1627514.031160385, 1637200.7723909258, 1619171.1689881196, 1616436.1476789739, 1614017.7483485253, 1578690.5801605387, 1570898.6394664072,]
