[parameters]
current_epoch = 12
epochs = 5
criterion = "VGG16DecoderLossFunction"
batch_size = 60
learning_rate = 0.0005
use_gpu = true

[final_losses]
training = 46336722.88842105
validation = 4465770.980211406

[loss_evolution]
training = [ 90102978.25263157, 63481542.56842105, 57078449.06105263, 55571721.89473684, 52973659.591578946, 50789928.18526316, 50249678.690526314, 49064335.18315789, 49155595.402105264, 47221042.09263158, 47456955.98736842, 46336722.88842105,]
validation = [ 6367970.24053589, 5725787.581366765, 5249100.847160767, 5097691.120698132, 4897826.394911504, 4899642.245575221, 4814987.900073746, 4605525.914884464, 4568005.337512291, 4487257.977691741, 4470720.554510816, 4465770.980211406,]
