[parameters]
current_epoch = 10
epochs = 5
criterion = "VGG16DecoderLossFunction"
batch_size = 45
learning_rate = 0.0005
use_gpu = true

[final_losses]
training = 16478525.70458136
validation = 1757681.6237709955

[loss_evolution]
training = [ 36564844.69194313, 23215138.68562401, 20923827.281200632, 19217169.535545025, 18751600.927330174, 17774680.731437597, 17564227.0521327, 17141562.214849923, 16617082.549763033, 16478525.70458136,]
validation = [ 2841745.271225932, 2397685.976034412, 2174159.900937116, 2121202.045575584, 1972580.5242216305, 1928633.0111442544, 1887881.0934939573, 1881035.5752125154, 1795233.7083674723, 1757681.6237709955,]
