[parameters]
current_epoch = 19
epochs = 5
criterion = "VGG16DecoderLossFunction"
batch_size = 50
learning_rate = 0.0005
use_gpu = true

[final_losses]
training = 60666545.88421053
validation = 5882678.384575994

[loss_evolution]
training = [ 136560737.3263158, 95589678.69824561, 84678707.57894737, 79977799.11929825, 73530453.70175439, 72414056.5508772, 70434690.58596492, 69113870.44561404, 67698053.78947368, 65177343.368421055, 66733569.2245614, 63653726.74385965, 63689165.72631579, 62290223.09122807, 62956833.46315789, 62608894.29473684, 60841385.7754386, 60496322.55438597, 60666545.88421053,]
validation = [ 9763906.66202376, 8590920.084647685, 7612682.777755018, 7249196.440111634, 7217229.371620238, 7039392.954014748, 6927099.683531339, 6642303.106155264, 6445190.520995494, 6155899.335543835, 6269657.448433019, 6871501.78461696, 6815785.196077427, 6006806.79603646, 6547125.1275604265, 6301097.262955756, 5894933.449610815, 6194765.012648505, 5882678.384575994,]
