[parameters]
current_epoch = 31
epochs = 5
criterion = "VGG16DecoderLossFunction"
batch_size = 40
learning_rate = 0.0005
use_gpu = true

[final_losses]
training = 9604394.031601124
validation = 956347.3360527286

[loss_evolution]
training = [ 74001273.6, 57056089.45964912, 47531409.14385965, 41511192.631578945, 38377324.18947368, 39765519.97894737, 36640187.88070176, 37277517.44561403, 37978013.27719298, 37256395.17894737, 33904981.614035085, 35027479.508771926, 33596139.7754386, 12914838.731741574, 12143038.019662922, 11482690.885533707, 11361958.869382022, 11141267.471910112, 10857259.38764045, 10644299.207162922, 10510694.61516854, 10346327.216994382, 10181970.803370787, 10186866.993679775, 10092215.191011235, 10004308.274578651, 9941816.025983145, 9897893.643960673, 9736232.466292135, 9768918.701544944, 9604394.031601124,]
validation = [ 5708966.717854218, 4815009.041922605, 4118244.8426750614, 3733180.291052416, 3470565.9021038082, 3302997.949848997, 3211825.444103194, 3181312.3515561013, 3116703.664235258, 3101091.215422809, 3000745.9548013923, 2967078.646447584, 2929841.923615377, 1182972.2205629302, 1133460.5973297688, 1149334.8184201901, 1119055.585586693, 1079767.389810718, 1063981.5478787692, 1052680.7120923467, 1051261.6632226114, 1028389.5085217961, 1021599.651896919, 1008525.9848205507, 998173.9330752213, 1008957.5925977138, 992888.2577126352, 968370.2732454523, 996864.8262454933, 972569.2787200918, 956347.3360527286,]
