[parameters]
current_epoch = 3
epochs = 5
criterion = "VGG16DecoderLossFunction"
batch_size = 100
learning_rate = 0.0005
use_gpu = true

[final_losses]
training = 33596139.7754386
validation = 2929841.923615377

[loss_evolution]
training = [ 74001273.6, 57056089.45964912, 47531409.14385965, 41511192.631578945, 38377324.18947368, 39765519.97894737, 36640187.88070176, 37277517.44561403, 37978013.27719298, 37256395.17894737, 33904981.614035085, 35027479.508771926, 33596139.7754386,]
validation = [ 5708966.717854218, 4815009.041922605, 4118244.8426750614, 3733180.291052416, 3470565.9021038082, 3302997.949848997, 3211825.444103194, 3181312.3515561013, 3116703.664235258, 3101091.215422809, 3000745.9548013923, 2967078.646447584, 2929841.923615377,]
