[parameters]
current_epoch = 7
epochs = 7
criterion = "VGG16DecoderLossFunction"
batch_size = 60
learning_rate = 0.0005
use_gpu = true

[final_losses]
training = 50249678.690526314
validation = 4814987.900073746

[loss_evolution]
training = [ 90102978.25263157, 63481542.56842105, 57078449.06105263, 55571721.89473684, 52973659.591578946, 50789928.18526316, 50249678.690526314,]
validation = [ 6367970.24053589, 5725787.581366765, 5249100.847160767, 5097691.120698132, 4897826.394911504, 4899642.245575221, 4814987.900073746,]
