[parameters]
current_epoch = 5
epochs = 5
criterion = "VGG16DecoderLossFunction"
batch_size = 45
learning_rate = 0.0005
use_gpu = true

[final_losses]
training = 18751600.927330174
validation = 1972580.5242216305

[loss_evolution]
training = [ 36564844.69194313, 23215138.68562401, 20923827.281200632, 19217169.535545025, 18751600.927330174,]
validation = [ 2841745.271225932, 2397685.976034412, 2174159.900937116, 2121202.045575584, 1972580.5242216305,]
