[parameters]
current_epoch = 10
epochs = 5
criterion = "VGG16DecoderLossFunction"
batch_size = 50
learning_rate = 0.0005
use_gpu = true

[final_losses]
training = 65177343.368421055
validation = 6155899.335543835

[loss_evolution]
training = [ 136560737.3263158, 95589678.69824561, 84678707.57894737, 79977799.11929825, 73530453.70175439, 72414056.5508772, 70434690.58596492, 69113870.44561404, 67698053.78947368, 65177343.368421055,]
validation = [ 9763906.66202376, 8590920.084647685, 7612682.777755018, 7249196.440111634, 7217229.371620238, 7039392.954014748, 6927099.683531339, 6642303.106155264, 6445190.520995494, 6155899.335543835,]
