[parameters]
current_epoch = 33
epochs = 5
criterion = "VGG16DecoderLossFunction"
batch_size = 55
learning_rate = 0.0005
use_gpu = true

[final_losses]
training = 38843306.90733591
validation = 4040917.776241396

[loss_evolution]
training = [ 90102978.25263157, 63481542.56842105, 57078449.06105263, 55571721.89473684, 52973659.591578946, 50789928.18526316, 50249678.690526314, 49064335.18315789, 49155595.402105264, 47221042.09263158, 47456955.98736842, 46336722.88842105, 47267974.21052632, 46570492.41263158, 45674031.36421052, 46267950.83789474, 44940112.2231579, 46735221.781052634, 44000259.734736845, 45399127.322105266, 44821190.44210526, 39495295.83011583, 40566946.47104247, 42505584.204633206, 39493906.16988417, 39445940.1003861, 39591676.146718144, 39864768.42471042, 38819997.694980696, 38986560.55598456, 39394846.96525097, 40571173.33590733, 38843306.90733591,]
validation = [ 6367970.24053589, 5725787.581366765, 5249100.847160767, 5097691.120698132, 4897826.394911504, 4899642.245575221, 4814987.900073746, 4605525.914884464, 4568005.337512291, 4487257.977691741, 4470720.554510816, 4465770.980211406, 4443226.690511308, 4391647.347283677, 4411776.615167159, 4407883.245698132, 4310661.751843658, 4223621.811762537, 4284344.153269419, 4274356.437008358, 4142240.7056293017, 4140073.286074238, 4265617.022123894, 4146542.741457719, 4120723.9209070797, 4081839.4399582106, 4100836.9760939036, 4057651.7069813176, 4066562.9773230087, 4044642.107853982, 4043923.9095993116, 4040980.3370821043, 4040917.776241396,]
